Solid 108 1.0
p0 2.4802583096996136 3.5763730252051467 4.146348441216712 0.0 0.0 0.0 
p1 1.5161893859515414 1.0186433990486505 0.07518845337875459 0.0 0.0 0.0 
p2 4.617695561573042 4.887944812054106 0.4327413696389968 0.0 0.0 0.0 
p3 3.775610659540973 3.6497230124606714 1.284853729393991 0.0 0.0 0.0 
p4 1.1735981428585167 1.1534905761629493 3.3102358819063453 0.0 0.0 0.0 
p5 3.1402166486215535 2.7446139309889084 2.5129566637855656 0.0 0.0 0.0 
p6 3.7766862961800567 4.903757420334546 1.2570408613860535 0.0 0.0 0.0 
p7 2.536655737064944 4.411888617416174 3.0754330728285804 0.0 0.0 0.0 
p8 1.464680498586831 3.0173183231559415 4.3919663095664845 0.0 0.0 0.0 
p9 1.7088269567375087 3.858422064460091 2.7386317599329493 0.0 0.0 0.0 
p10 0.046831822873839794 4.34616970820562 1.4126216363062682 0.0 0.0 0.0 
p11 2.6708150082712376 2.2320854522679987 0.9079405244836509 0.0 0.0 0.0 
p12 0.6263756654609348 0.779215057811762 3.9187852888917574 0.0 0.0 0.0 
p13 3.2647398517824184 1.7816462779667614 1.7909142916334568 0.0 0.0 0.0 
p14 0.906117248923534 2.0741767741714225 1.1977378770534606 0.0 0.0 0.0 
p15 1.6591173505968104 1.2997284892838525 2.0668503398374294 0.0 0.0 0.0 
p16 4.681345230097733 2.029617017079874 0.34243028081573906 0.0 0.0 0.0 
p17 0.07497484284872359 3.154733202935982 2.715173319461758 0.0 0.0 0.0 
p18 4.668226966277681 0.5908171371123528 4.0374107899803215 0.0 0.0 0.0 
p19 2.9991709547889993 4.195216466341794 3.4250747940669077 0.0 0.0 0.0 
p20 4.062197316232575 2.6297826003055387 4.74081089727892 0.0 0.0 0.0 
p21 2.8132205974895648 1.2638087294944012 0.41985665299452335 0.0 0.0 0.0 
p22 3.6038492591707945 0.9097244862221108 0.6430317239922085 0.0 0.0 0.0 
p23 3.8581517883071985 2.012662620269211 1.4495251578923627 0.0 0.0 0.0 
p24 4.771439137874298 1.084679436593577 1.9137437724381443 0.0 0.0 0.0 
p25 3.792177094247846 2.5833382961100746 2.4712193735332892 0.0 0.0 0.0 
p26 0.8687734655194668 1.096566142717279 2.070707180667557 0.0 0.0 0.0 
p27 0.3491443384243671 0.8274571577235715 3.6450892307839426 0.0 0.0 0.0 
p28 4.010843677011055 3.0330575708919953 0.5285908318879687 0.0 0.0 0.0 
p29 2.51008731750752 3.47564264684925 1.793980800795906 0.0 0.0 0.0 
p30 2.357366752546507 2.513375928459219 0.8785030130090842 0.0 0.0 0.0 
p31 3.651658904271862 0.3442338807522072 2.2545819094697834 0.0 0.0 0.0 
p32 4.0678331725464085 2.543942208750959 4.374943419934507 0.0 0.0 0.0 
p33 1.414419708453173 0.37731443877058407 4.372575858621516 0.0 0.0 0.0 
p34 4.860595441237835 4.056140767626388 1.9563447636949385 0.0 0.0 0.0 
p35 0.22807387730799272 4.539912383315832 4.058866621135794 0.0 0.0 0.0 
p36 3.6823608597535604 4.501714199454761 0.44328398407126063 0.0 0.0 0.0 
p37 2.0261826826269895 2.523744735021681 1.5570565419548803 0.0 0.0 0.0 
p38 3.440022704488324 2.1592908001894466 2.9219110345061274 0.0 0.0 0.0 
p39 4.127058544668515 2.926140839916964 0.2562579228625466 0.0 0.0 0.0 
p40 0.692425643371387 0.7638478486036674 1.0666727056255505 0.0 0.0 0.0 
p41 4.200860617571477 3.595188526740523 1.7307402587465508 0.0 0.0 0.0 
p42 3.1928185867089707 3.312904982437004 3.6018672839096157 0.0 0.0 0.0 
p43 1.6058979819337331 4.228034027346848 4.632609820542082 0.0 0.0 0.0 
p44 3.483999998972137 2.841422129327687 0.5646253893586439 0.0 0.0 0.0 
p45 1.1783275707059515 3.1616259828748516 1.9996460231236404 0.0 0.0 0.0 
p46 2.9330505022313895 1.8283462160982675 4.401392986656077 0.0 0.0 0.0 
p47 1.97491100428635 3.3834189433586617 0.020249693328300514 0.0 0.0 0.0 
p48 1.0799119126529355 1.1439035129645718 2.097664660549874 0.0 0.0 0.0 
p49 3.4162726184870404 2.2632921976952587 3.9236823343979257 0.0 0.0 0.0 
p50 2.4603556912104976 4.9422803043077295 4.379981565141093 0.0 0.0 0.0 
p51 3.762052683006741 1.8901119544330278 1.3009395938564263 0.0 0.0 0.0 
p52 2.836743011559474 1.583633531721633 0.6346806290693573 0.0 0.0 0.0 
p53 0.7618815113540404 1.3688899562332992 2.0656008873984035 0.0 0.0 0.0 
p54 4.587282125684738 2.826164190724592 4.982837655108307 0.0 0.0 0.0 
p55 4.31311210818406 2.796745947869569 3.2558536201369965 0.0 0.0 0.0 
p56 4.914986303137358 2.365670155172168 2.2288088588577533 0.0 0.0 0.0 
p57 3.871158401907646 4.732241184398359 3.251060546191228 0.0 0.0 0.0 
p58 3.3350732052341647 0.5503864058316749 3.3222439924776066 0.0 0.0 0.0 
p59 0.4333735683529364 0.0740260468830168 0.36656191884557415 0.0 0.0 0.0 
p60 0.83399972317933 3.7089066308643335 1.8123470228938032 0.0 0.0 0.0 
p61 1.4408731168581779 4.337726004872289 5.011569875123615 0.0 0.0 0.0 
p62 3.1829043214249784 1.2375022711444952 4.410697064807234 0.0 0.0 0.0 
p63 1.714787812230529 1.3954127638474054 2.1871555365964745 0.0 0.0 0.0 
p64 3.427568603751573 2.426800694158876 1.9489028817146221 0.0 0.0 0.0 
p65 2.341550558210862 4.5201686420969125 3.507203269590883 0.0 0.0 0.0 
p66 1.3845340440065979 1.7013550003798779 2.0110894533243506 0.0 0.0 0.0 
p67 2.3501924076261815 2.479535347363687 2.779116897973499 0.0 0.0 0.0 
p68 2.8779244307325067 0.9555619929400467 1.6682108584692839 0.0 0.0 0.0 
p69 1.5705691946382863 0.9637121218211165 4.839571116119995 0.0 0.0 0.0 
p70 1.3364001195043154 2.6594318967240627 2.291775047876575 0.0 0.0 0.0 
p71 4.77316873447125 4.852993367703261 3.6696265203626197 0.0 0.0 0.0 
p72 0.05329629504308003 1.3922920001366375 1.4129509732291352 0.0 0.0 0.0 
p73 0.07811960834056621 1.7189658134877295 1.193764363677636 0.0 0.0 0.0 
p74 0.722441779779184 3.0256259212770495 0.8932173955159132 0.0 0.0 0.0 
p75 1.2120269999059043 0.7378149534757691 3.659270014905978 0.0 0.0 0.0 
p76 0.5876151529293627 1.7129495757444768 4.086217102331217 0.0 0.0 0.0 
p77 0.07957070990174984 4.852890524375226 2.2539106016063544 0.0 0.0 0.0 
p78 0.02115796048379058 3.1533595159370296 4.448671918947918 0.0 0.0 0.0 
p79 2.949652505648574 0.9705456867155442 2.7922770147021736 0.0 0.0 0.0 
p80 0.7834464233525736 1.3777861422694775 4.256597514270258 0.0 0.0 0.0 
p81 2.8415533999836255 3.1145639229454867 0.768290226521983 0.0 0.0 0.0 
p82 3.4919327944088723 0.33757802863748065 1.0157435272157522 0.0 0.0 0.0 
p83 1.3681173794391703 0.7207894973985424 3.854074463273085 0.0 0.0 0.0 
p84 2.274791260908962 1.9659358586211353 2.303931364436262 0.0 0.0 0.0 
p85 2.3251091181500674 3.5089764250943554 3.775414249739735 0.0 0.0 0.0 
p86 2.3627636095508713 2.9881076358108745 1.5266692906478103 0.0 0.0 0.0 
p87 0.8042953931516749 1.6605882432258814 0.37442973692202397 0.0 0.0 0.0 
p88 2.4542684907070527 2.2262544955379 1.7655155521971164 0.0 0.0 0.0 
p89 0.44183465643492925 0.9210123767033901 1.1223723059958555 0.0 0.0 0.0 
p90 1.3979389412149001 3.58798378369881 1.7911234834794956 0.0 0.0 0.0 
p91 3.9997548471063538 4.893439513888039 1.3164490374085172 0.0 0.0 0.0 
p92 3.155683377795796 4.8084739281476585 3.0324862093108 0.0 0.0 0.0 
p93 4.807362948053925 2.4913353802618143 0.5751025077249943 0.0 0.0 0.0 
p94 3.9247190621810866 4.875341752177701 2.814580149719627 0.0 0.0 0.0 
p95 2.889190137708771 2.8786688505713274 4.367295870924111 0.0 0.0 0.0 
p96 4.526803121326814 1.0035286048567493 1.972342345934222 0.0 0.0 0.0 
p97 3.997686694049579 4.494546450083624 0.9584751546218462 0.0 0.0 0.0 
p98 0.0030154666508868393 2.773826183526195 2.537833961320968 0.0 0.0 0.0 
p99 2.0403459724633075 1.4993244751334258 4.47307656406149 0.0 0.0 0.0 
p100 4.753564849747198 3.330022960506784 2.480144532473817 0.0 0.0 0.0 
p101 2.60873541517147 0.0480123885043427 2.743727253651938 0.0 0.0 0.0 
p102 1.6682947005421296 3.4429007849361115 0.03478189962235899 0.0 0.0 0.0 
p103 0.8359565530694347 1.3660215054994 0.7973436504913349 0.0 0.0 0.0 
p104 0.02360608073124596 2.117745567468466 5.005637548026165 0.0 0.0 0.0 
p105 2.4566774468350405 1.1833827373120065 4.893486215042682 0.0 0.0 0.0 
p106 4.9097457807130525 1.6767421681190677 1.937151322151707 0.0 0.0 0.0 
p107 3.088935864573738 2.1001733800535742 3.15173808724755 0.0 0.0 0.0 
